MU_motorized = 2.014567530547455
asc_cycling = -0.9570842161155166
asc_driving = 2.100845252687056
asc_public = 2.7796855626778276
beta_cost = -0.037349711319176415
beta_driving_traffic_percent = -1.4019058905965054
beta_drivingliscence = 0.8444770221683101
beta_time_cycling = -1.8778737067137867
beta_time_driving = -1.4127439407780524
beta_time_public = -1.20578265737958
beta_time_walk = -4.366253813183852
lambda_boxcox = 0.28600043168555145
