beta_cost = 0.06268178964693148
beta_time_cycling = 1.2132275570098483
beta_time_driving = 3.5202333461957256
beta_time_public = -105.31022919541388
beta_time_walk = 0.6882915579857297
