MU_motorized = 2.3715067925934226
asc_cycling = -1.1800956353032375
asc_driving = 2.3158308503826235
asc_public = 2.872619019662755
beta_cost = -0.0211810215744323
beta_driving_traffic_percent = -1.3648710888779747
beta_drivingliscence = 0.8198967717455554
beta_time_cycling = -1.8604144156658717
beta_time_driving = -1.112726414929171
beta_time_public = -0.9284557114937296
beta_time_walk = -4.037647122594718
lambda_boxcox = 0.2812953477647596
