beta_cost = 0.11275348330327706
beta_time = -0.4002352334742101
