asc_cycling = 2.1696458070221625
asc_driving = 2.514422454468547
asc_public = -8.666554088807953
asc_walk = 3.982485827316062
beta_cost = 0.12512622041227642
beta_time = -1.2493882424594294
