asc_cycling = -4.66098115934808
asc_driving = -2.407647887119239
asc_public = -2.6194890545113516
beta_cost = -0.08992649647387259
beta_driving_traffic_percent = -2.9584405993508347
beta_drivingliscence = 1.4414370595201218
beta_time_cycling = -4.784377874005954
beta_time_driving = -4.418347066098685
beta_time_public = -2.8304004446507958
beta_time_walk = -8.374843687186264
