MU_motorized = 2.0725105535126764
asc_cycling = -1.25242778687873
asc_driving = 2.062395976096653
asc_public = 2.744200287686254
beta_cost = -0.04021239124895368
beta_driving_traffic_percent = -1.3659317022887096
beta_drivinglicense = 0.8304196307186135
beta_time_cycling = -1.918124729190291
beta_time_driving = -1.2522315503710517
beta_time_public = -1.0783362993927967
beta_time_walk = -4.102013826878151
lambda_boxcox = 0.22115707670852805
