asc_cycling = -4.590558666334083
asc_driving = -2.072175716254069
asc_public = -2.4397180008494908
beta_cost = -0.1417944174636626
beta_time_cycling = -5.195456913412916
beta_time_driving = -5.874430025703574
beta_time_public = -3.199827059298771
beta_time_walk = -8.36775336416628
