asc_cycling = -1.806576192240039
asc_driving = 0.8137544925233804
asc_public = 1.973251229676575
beta_cost = -0.09149094468275024
beta_driving_traffic_percent = -2.600985196524757
beta_drivinglicense = 1.445331939799726
beta_time_cycling = -3.0275284100476654
beta_time_driving = -2.6514017653926962
beta_time_public = -2.224754864583878
beta_time_walk = -5.37689054043117
lambda_boxcox = 0.3507779332926001
