asc_cycling = -1.8049323542648494
asc_driving = 0.8148648110683363
asc_public = 1.974104511187581
beta_cost = -0.09149271845650121
beta_driving_traffic_percent = -2.601050379487616
beta_drivingliscence = 1.445317355707814
beta_time_cycling = -3.0265305968380907
beta_time_driving = -2.6508971697891472
beta_time_public = -2.224312014883121
beta_time_walk = -5.377136616592659
lambda_boxcox = 0.35076414093722247
