MU_private = 0.6587833336816032
asc_cycling = -1.9687054858867656
asc_driving = 0.061535298185429785
asc_public = 3.1092311632663976
beta_cost = -0.11644671907774624
beta_drivingliscence = 1.6730309134619221
beta_interchange = -0.035471823227404664
beta_time_cycling = -3.517023822273137
beta_time_driving = -3.7964453912023743
beta_time_public = -3.096789121954802
beta_time_walk = -7.226182096047628
lambda_boxcox = 0.31260146375216963
