asc_cycling = -1.804933811715296
asc_driving = 0.8148632217929327
asc_public = 1.9741031600247327
beta_cost = -0.09149271363821677
beta_driving_traffic_percent = -2.6010499550960193
beta_drivingliscence = 1.4453174004585576
beta_time_cycling = -3.026530470008127
beta_time_driving = -2.6508970706325905
beta_time_public = -2.22431226013864
beta_time_walk = -5.377135283399292
lambda_boxcox = 0.35076389405221436
