asc_cycling = -1.8064106209862354
asc_driving = 0.8140201858298155
asc_public = 1.9729760019913636
beta_cost = -0.09148040392327263
beta_driving_traffic_percent = -2.6014813967331034
beta_drivinglicense = 1.445340186658742
beta_time_cycling = -3.026672478794292
beta_time_driving = -2.6506229841009197
beta_time_public = -2.224440003034467
beta_time_walk = -5.375981614312935
lambda_boxcox = 0.35060144643589825
