MU_private = 0.6508524736946862
asc_cycling = -1.5169123461220044
asc_driving = 2.213199421612532
asc_public = 3.368699742762136
beta_cost = -0.08394577358057399
beta_driving_traffic_percent = -3.1882595079030334
beta_drivingliscence = 1.7774278634856757
beta_time_cycling = -3.1017682855148956
beta_time_driving = -2.767161473965258
beta_time_public = -2.6453430934034747
beta_time_walk = -6.980727779051188
lambda_boxcox = 0.34102308143877674
