asc_cycling = -3.660819887723647
asc_driving = -1.335132905957416
asc_public = -0.5590649163717458
beta_cost = -0.14985010698604595
beta_time = -5.410243490155392
