asc_cycling = 2.1696458070187337
asc_driving = 2.514422454180366
asc_public = -8.66655408833873
asc_walk = 3.982485827139171
beta_cost = 0.12512622041918753
beta_time = -1.2493882424320655
