MU_motorized = 2.012964706931837
asc_cycling = -0.9570970774299656
asc_driving = 2.0998928518021693
asc_public = 2.779608720700119
beta_cost = -0.0373824938492015
beta_driving_traffic_percent = -1.4027842544461853
beta_drivinglicense = 0.845087416347651
beta_time_cycling = -1.879607458979193
beta_time_driving = -1.4147127057185032
beta_time_public = -1.2072335189242365
beta_time_walk = -4.369056703085633
lambda_boxcox = 0.28642422056972033
