asc_cycling = -4.657301011218597
asc_driving = -2.9247627095307775
asc_public = -2.4947567552873324
beta_cost = -0.13048472878731096
beta_drivingliscence = 1.359149540866775
beta_interchange = -0.03018605592980052
beta_time_cycling = -5.402394519003771
beta_time_driving = -6.437377969597515
beta_time_public = -3.3938400004571556
beta_time_walk = -8.56314479040972
