asc_cycling = -3.6608241896169837
asc_driving = -1.3351381895663106
asc_public = -0.5590661661347027
beta_cost = -0.14985006870782763
beta_time = -5.410268783163978
