asc_cycling = -3.6608198804195866
asc_driving = -1.335132897094235
asc_public = -0.5590649140887584
beta_cost = -0.14985010704696053
beta_time = -5.410243449181592
