MU_motorized = 1.9671499261495966
asc_cycling = -0.8968464317814929
asc_driving = 1.5269282621542624
asc_public = 2.924058651300504
beta_cost = -0.061221613298127156
beta_drivingliscence = 0.7705688932461433
beta_interchange = -0.012000957102473519
beta_time_cycling = -1.851693945677422
beta_time_driving = -1.6546468219087251
beta_time_public = -1.3215388992404573
beta_time_walk = -4.442778048000497
lambda_boxcox = 0.18903115473894272
