asc_cycling = -2.612416842444656
asc_driving = -2.267640260054773
asc_public = -13.552822624632482
asc_walk = -0.7995779762450569
beta_cost = 0.12512838442849145
beta_time = -1.2493854946798229
