asc_cycling = -3.276571675907656
asc_driving = -4.248141803565898
asc_public = -9.616228851688042
asc_walk = -2.091515372214481
beta_cost = -0.03151878853508401
beta_time = -2.2509541999074725
